0.12845442982484132
0.09111034482418248
0.08523786928555456
0.09577169510037371
0.09517874013411187
0.08846520059345363
0.09338068415223318
0.10264256220021717
0.07825537283098587
0.0935643647911161
0.08639990877257407
0.06095648011686991
0.06816771951829809
0.06092563728113065
0.06006379315583274
0.049904270419895036
0.044926248815752946
0.04097114384517399
0.05079282558889032
0.05042208859647289
0.03850160755773867
0.03321824450604669
0.03393245682841291
0.03924197770874268
0.027638871137179617
0.02432687051781706
0.024210548022527013
0.02550906966680993
0.019218063173485598
0.019976084912698654
0.01931307833103997
0.02518341526683595
0.020550542802366307
0.009522946963340564
0.009829498008145164
0.009182426920681632
0.016468078899953997
0.00941616051478403
0.00955853760815022
0.007538349701036697
0.006543338194396809
0.0068793919453913055
0.0079591296744939
0.018600717016967486
0.021480176964780478
0.01352624089435237
0.013694294794935925
0.012762423332258096
0.01093281545843877
0.014511580454211083
0.009364455032905282
0.00809684061792297
0.006543602044906049
0.006418585334794368
0.005573162862005782
0.008560742858999932
0.010378008307544463
0.01318538495863246
0.012679478040572584
0.006557620672143938
0.008858271918351004
0.011495274592024535
0.005277840890843524
0.006438799874466284
0.009829943566015702
0.00943045834811283
0.0068978682004813534
0.005956309368529271
0.005924397676561927
0.00859852693959889
0.008423852437202084
0.005896854621226552
0.008970179810722333
0.007899064483016782
0.0072344131250553344
0.010566992568379441
0.005687348641872359
0.00836446679720153
0.004832143496062527
0.005863394162056657
0.0040990055700686565
0.003673651017395093
0.007526481352349484
0.0063975689242217896
0.0046937204756041994
0.0036194420214165964
0.0051014524411539565
0.004834672355806448
0.004056404606266076
0.003978625098958825
0.004297381313713196
0.006116096918614662
0.0035425077896614632
0.003978514282770782
0.003738422210276553
0.003399274816150242
0.00447667085384304
0.004473560974411905
0.00733318750942563
0.006835446389329545
0.005499392494069281
0.00645911173123134
0.004219149874459904
0.0060227630835659445
0.004561213002255051
0.004268508962366269
0.0047623884933815815
0.004557744069569934
0.0033383224278219653
0.006694471839577845
0.0032462410218761896
0.004449721141320156
0.007503050897525116
0.00651918181281814
0.010643990549023652
0.012345314945851876
0.013365428679228908
0.005166722412087294
0.005597254238592086
0.0068101102640914166
0.00536159148963398
0.006515331273153017
0.004929714516720864
0.005614576671656218
0.008324639189773164
0.005815761440250974
0.005981031803219705
0.004908066501967207
